1 3 1 21
2 5 5 37
3 10 10 100
4 10 7 100
5 15 6 85
6 17 4 36
7 21 6 20
8 25 9 46
9 29 8 65
10 29 4 85
11 31 1 31
12 33 3 44
13 33 9 100
14 34 7 89
15 39 2 57
16 40 4 31
17 42 4 94
18 43 7 54
19 45 5 35
20 50 4 30
21 55 3 74
22 57 3 45
23 57 5 93
24 60 7 14
25 60 6 41
26 60 1 94
27 64 4 77
28 69 8 11
29 74 4 58
30 76 2 52
31 78 7 11
32 81 4 25
33 86 6 25
34 86 6 52
35 86 5 91
36 91 4 11
37 96 9 18
38 96 9 10
39 98 5 73
40 102 8 47
41 103 5 91
42 106 6 37
43 111 3 11
44 115 3 49
45 117 10 12
46 118 6 67
47 119 8 31
48 119 8 90
49 124 6 99
50 124 10 19
51 125 5 28
52 127 8 87
53 129 10 44
54 132 10 19
55 136 4 38
56 140 10 91
57 144 6 18
58 148 9 21
59 150 5 63
60 153 3 32
61 156 6 82
62 159 8 7
63 160 6 91
64 162 5 55
65 163 1 23
66 163 4 20
67 163 8 91
68 165 4 52
69 169 7 7
70 171 4 9
71 176 5 19
72 179 6 83
73 181 10 41
74 184 5 60
75 184 9 95
76 188 4 49
77 191 5 43
78 191 2 80
79 193 8 82
80 197 8 51
81 198 3 40
82 200 6 24
83 203 10 24
84 207 9 57
85 210 3 8
86 214 1 11
87 215 4 76
88 215 3 36
89 219 9 98
90 220 6 34
91 223 3 62
92 225 9 5
93 228 1 13
94 230 10 71
95 231 10 73
96 234 10 100
97 238 5 27
98 241 8 82
99 242 7 54
100 247 7 14
101 250 2 54
102 250 6 45
103 253 3 77
104 254 8 56
105 259 1 77
106 262 9 100
107 263 3 68
108 266 1 30
109 271 9 70
110 276 7 93
111 279 5 85
112 279 10 28
113 279 7 83
114 282 4 59
115 287 6 83
116 289 7 85
117 294 5 74
118 297 5 22
119 298 1 78
120 301 2 61
121 301 2 64
122 301 10 64
123 306 7 50
124 308 1 17
125 309 1 54
126 311 1 33
127 312 3 5
128 317 7 51
129 321 10 33
130 325 7 89
131 328 8 74
132 331 1 78
133 335 10 14
134 335 7 12
135 340 10 10
136 340 9 59
137 344 2 54
138 349 10 73
139 349 7 86
140 351 8 38
141 351 1 87
142 352 1 23
143 356 7 77
144 356 10 63
145 357 4 57
146 361 3 38
147 365 8 92
148 365 6 10
149 367 2 8
150 370 6 26
151 372 10 7
152 376 3 57
153 378 4 92
154 379 10 38
155 379 3 25
156 381 9 86
157 385 4 44
158 386 8 74
159 386 7 87
160 386 1 81
161 386 3 21
162 387 5 62
163 388 8 35
164 391 3 63
165 395 3 42
166 398 2 32
167 402 4 22
168 402 6 51
169 403 8 77
170 403 8 84
171 404 7 48
172 407 8 13
173 412 6 16
174 412 1 7
175 412 1 70
176 412 3 95
177 413 9 74
178 414 2 24
179 417 8 66
180 418 1 70
181 421 8 20
182 422 1 100
183 427 5 16
184 430 2 40
185 430 3 56
186 435 2 20
187 439 3 57
188 440 7 92
189 443 8 46
190 448 6 78
191 450 3 92
192 451 4 16
193 454 10 80
194 454 7 98
195 454 5 51
196 457 3 10
197 461 5 27
198 463 3 63
199 467 1 88
200 468 7 14
201 468 8 63
202 469 10 95
203 471 3 64
204 473 1 15
205 478 6 69
206 480 2 88
207 481 4 27
208 482 7 16
209 482 5 53
210 487 5 75
211 491 8 53
212 491 7 69
213 493 4 32
214 494 3 22
215 496 7 98
216 499 1 85
217 504 7 9
218 508 7 19
219 512 10 32
220 517 1 36
221 518 2 61
222 518 5 35
223 520 1 6
224 525 6 47
225 526 4 68
226 527 3 100
227 531 2 14
228 534 10 57
229 535 3 28
230 540 10 14
231 543 4 11
232 545 8 52
233 548 8 9
234 551 5 40
235 554 2 44
236 556 5 58
237 560 2 28
238 560 3 37
239 563 3 10
240 568 3 82
241 571 4 90
242 572 8 74
243 573 10 15
244 573 9 85
245 576 5 71
246 578 1 16
247 581 6 68
248 585 2 58
249 590 4 53
250 590 10 22
251 590 2 88
252 590 4 26
253 593 6 12
254 593 6 58
255 594 3 88
256 595 2 9
257 597 8 30
258 600 3 42
259 602 3 92
260 607 6 40
261 612 3 9
262 616 4 72
263 619 1 30
264 621 10 26
265 624 8 56
266 627 2 78
267 632 8 64
268 637 3 13
269 638 9 49
270 640 6 60
271 644 3 55
272 648 9 24
273 652 8 8
274 656 10 17
275 661 7 7
276 664 3 64
277 666 3 99
278 668 8 41
279 671 5 7
280 675 10 70
281 680 8 15
282 681 7 13
283 681 6 22
284 686 9 53
285 690 2 5
286 690 3 33
287 693 9 40
288 698 8 17
289 699 6 36
290 701 4 85
291 705 7 14
292 709 4 82
293 710 3 7
294 715 10 58
295 716 1 72
296 716 3 40
297 716 2 47
298 717 3 60
299 720 1 50
300 724 2 79
301 724 3 77
302 724 10 60
303 727 8 6
304 727 7 44
305 727 5 81
306 728 2 76
307 731 10 81
308 733 9 54
309 738 8 30
310 741 3 87
311 745 2 6
312 746 10 13
313 748 10 81
314 753 4 14
315 758 3 21
316 758 10 88
317 762 8 14
318 763 4 59
319 766 4 50
320 769 4 56
321 772 8 23
322 772 2 85
323 777 9 41
324 777 9 38
325 779 6 64
326 783 4 60
327 785 3 14
328 785 10 50
329 785 7 5
330 789 4 95
331 792 8 64
332 792 1 61
333 792 6 58
334 792 10 34
335 795 7 84
336 795 9 92
337 795 1 36
338 799 4 71
339 803 3 100
340 804 8 81
341 809 5 72
342 812 3 97
343 817 1 93
344 818 4 100
345 823 9 81
346 824 10 52
347 829 5 58
348 831 5 19
349 834 10 91
350 837 10 78
351 841 10 79
352 844 5 14
353 849 10 72
354 854 10 67
355 854 1 41
356 857 10 11
357 859 4 20
358 863 2 5
359 864 5 96
360 866 6 78
361 869 7 76
362 872 9 78
363 877 5 40
364 878 5 88
365 883 8 63
366 884 6 64
367 889 6 47
368 892 10 45
369 892 2 96
370 892 10 87
371 897 8 52
372 901 4 92
373 906 4 84
374 910 6 88
375 911 4 44
376 912 8 68
377 914 3 95
378 915 3 87
379 915 9 85
380 915 5 61
381 916 6 82
382 916 9 29
383 918 8 62
384 918 2 57
385 923 4 97
386 926 5 7
387 928 4 56
388 928 1 65
389 929 4 50
390 934 7 60
391 939 3 32
392 942 8 77
393 943 4 41
394 948 6 88
395 953 3 7
396 956 2 84
397 956 5 53
398 958 3 6
399 962 7 72
400 966 4 64
401 966 10 78
402 970 6 6
403 971 7 56
404 972 10 22
405 977 7 11
406 978 5 80
407 981 6 38
408 982 5 61
409 982 6 34
410 983 2 47
411 985 8 52
412 986 5 97
413 986 2 55
414 990 2 35
415 993 10 36
416 994 10 67
417 996 6 98
418 997 9 30
419 999 10 97
420 1001 5 87
421 1001 8 93
422 1001 8 84
423 1003 4 33
424 1006 7 94
425 1010 9 49
426 1010 3 45
427 1013 5 84
428 1015 4 67
429 1019 10 26
430 1022 6 52
431 1024 4 76
432 1025 1 37
433 1027 6 19
434 1031 5 45
435 1031 8 41
436 1036 1 79
437 1037 7 76
438 1042 3 44
439 1046 6 66
440 1049 3 45
441 1049 2 44
442 1049 10 21
443 1054 9 10
444 1056 2 29
445 1056 7 41
446 1059 3 87
447 1061 7 85
448 1064 8 78
449 1064 10 37
450 1068 5 66
451 1068 5 20
452 1068 10 34
453 1072 9 57
454 1074 7 87
455 1076 3 90
456 1079 2 49
457 1080 9 90
458 1085 7 71
459 1088 5 18
460 1090 9 61
461 1094 5 78
462 1097 5 100
463 1102 8 74
464 1105 3 62
465 1105 1 23
466 1109 10 82
467 1112 7 77
468 1112 4 31
469 1116 10 44
470 1117 9 33
471 1120 3 61
472 1125 6 94
473 1129 3 46
474 1134 3 90
475 1137 2 19
476 1141 10 24
477 1141 1 99
478 1143 5 76
479 1144 10 43
480 1149 3 78
481 1150 10 48
482 1154 6 63
483 1154 6 60
484 1157 10 47
485 1160 9 29
486 1162 10 62
487 1162 4 47
488 1163 9 96
489 1168 7 56
490 1172 9 16
491 1176 7 11
492 1176 9 61
493 1177 5 29
494 1178 2 25
495 1183 4 34
496 1186 2 40
497 1187 5 98
498 1188 10 7
499 1193 8 74
500 1197 5 40
